%YAML:1.0
---
camera_matrix: !!opencv-matrix
   rows: 3
   cols: 3
   dt: d
   data: [ 6.5596209716999999e+02, 0., 3.2695424672000001e+02, 0.,
       6.2340020751999998e+02, 2.0281683946000001e+02, 0., 0., 1. ]
dist_coeff: !!opencv-matrix
   rows: 1
   cols: 5
   dt: d
   data: [ 2.9777017000000000e-01, -2.0802577499999999e+00,
       -2.3492240000000001e-02, 9.3539199999999999e-03,
       8.9480391299999997e+00 ]
