%YAML:1.0
---
camera_matrix: !!opencv-matrix
   rows: 3
   cols: 3
   dt: d
   data: [ 3.1845802492553622e+02, 0., 3.1761478752507236e+02, 0.,
       3.1717299364927203e+02, 2.4818208202180088e+02, 0., 0., 1. ]
dist_coeff: !!opencv-matrix
   rows: 1
   cols: 5
   dt: d
   data: [ 3.7588577452782506e-03, -1.5848742301274886e-02,
       -1.1411722953924730e-04, -1.5162166737309709e-03,
       1.5409532664892787e-02 ]
